24513
1885
19259
339
42283
1921
3055
3733
30041
22004
26704
32173
7359
41794
3285
2970
32044
29644
29696
6866
1266
42214
2132
26677
461
20219
6940
33512
28906
42370
2860
1704
4470
5972
28463
26612
25014
33215
2594
22214
27384
5542
4275
33409
7639
33306
6201
40899
6132
43109
30349
41303
784
5435
7437
31728
26992
10359
23994
33799
31858
43069
2942
10340
3608
12532
3971
1218
942
31308
28616
5269
42333
748
2976
29766
28517
4260
3985
20258
32203
12654
5387
24621
24483
18310
41534
42490
42150
18449
31602
2962
6437
27061
43119
26678
27888
1396
33064
26645
17784
16909
433
30074
28680
41863
7024
8897
28123
41444
19402
1856
1441
3891
1634
2799
3783
6947
40950
41356
2520
465
1957
43280
2785
1473
1298
913
7023
40859
31389
6734
27395
6253
3727
28873
26550
7749
29646
4034
29573
2651
28162
12964
27730
28958
32432
30193
44115
24509
24603
5449
17259
1550
5999
27475
31528
28870
41698
31943
24794
31620
7837
2225
7084
32731
1871
31825
3242
5102
29667
7335
28070
27373
1348
41050
19369
43551
1641
24535
783
3350
5901
22779
10093
708
31257
421
2470
481
5301
42536
33208
2356
25102
42619
1678
3016
3684
1631
22554
30031
41560
44369
29544
5516
3365
29852
30914
4488
41660
22948
26519
6471
3922
30417
41096
1860
28783
4476
43340
41422
1048
544
26852
860
30636
8413
16976
5560
17054
1613
41460
41447
32103
2795
6410
1586
5571
33773
1480
30824
1912
1639
26644
31718
12484
2068
4420
1941
42426
33055
32394
1015
3990
7806
32417
44534
29219
40850
41890
3843
33453
33423
29694
562
3975
32897
9774
29650
41916
1366
17892
479
31370
41797
31485
2956
41790
29453
4787
2155
31860
1906
29868
33300
29697
546
1556
40939
3918
30028
5953
2948
5769
5466
28236
4922
753
41752
29866
3739
1036
30428
27425
599
3930
2616
32909
32988
43151
32116
2770
41962
42382
42100
43620
5551
29932
1840
3605
6635
42521
42599
4974
30733
29670
41107
2522
41137
26740
5382
6070
5129
41989
31387
20359
27917
318
30354
42096
3580
28037
33747
44445
12584
1749
4464
20075
840
6898
2951
43527
33390
24664
16604
31507
1697
33048
29824
1698
32312
24826
1569
44633
29991
44419
9948
1967
32071
32057
1559
32442
26768
32992
28655
6679
1443
7614
532
1942
517
33579
1827
2804
26700
6280
41235
469
6008
41098
30860
33133
6668
9812
7927
5757
7671
30261
293
27997
3240
3362
2617
29498
29729
10212
3766
6939
24599
3676
3649
43114
17389
27925
3044
43684
26742
7497
41010
4898
29776
2885
18939
43856
32453
2064
29656
5847
403
42045
27643
836
32132
2519
7623
4976
42287
31252
33780
6229
31200
4330
29500
2868
12779
31540
4443
27805
5583
2741
498
2807
12793
7509
30108
1167
604
7735
30072
10046
133
29726
7326
10081
28743
32329
27741
2972
6809
26599
3791
1460
5828
3322
7658
42093
28480
5460
2950
4994
24784
24976
297
29331
33234
28856
26892
30228
6942
18894
19489
4231
42461
28987
33343
29817
29512
6194
29892
5396
7822
28820
6346
4491
524
2708
1248
27594
12959
18164
1314
1405
3373
716
32707
30530
4426
31719
2026
31489
2463
28854
41659
5364
27162
30106
16777
42077
10418
6758
42393
42926
26526
401
3913
6012
43975
33028
31806
41740
27476
28528
31472
2722
24204
4218
9761
1565
350
29671
2037
484
4892
41582
7788
605
31419
4051
26835
42442
30951
2744
29752
2072
26847
40949
33086
4380
4990
27511
10319
4931
1730
29628
4975
7684
18789
4482
24770
19999
33657
26889
1274
422
42822
2964
502
32874
10364
1854
26654
3705
41646
29642
27711
30138
29760
41990
4646
538
29207
440
41817
2573
33466
42423
42284
31518
41711
25272
29100
43298
31915
7691
41126
30724
26657
3469
41011
10123
5248
41333
29654
2660
3765
7714
3926
10432
27798
3239
24096
6711
26869
29415
8550
33528
29715
361
19419
154
41153
29860
28234
30093
2077
515
6943
905
3938
6205
33228
28112
41134
41636
33221
31099
6908
5577
27789
44195
33117
26698
3995
1453
27786
30586
2196
6267
33187
33597
32942
41183
28167
30110
22052
41058
472
24804
1296
41513
1715
23129
2952
18499
31784
33565
42363
7605
41779
26560
44374
9755
40897
26514
2471
430
1585
27935
4297
2943
330
28074
3678
5507
7756
7649
21854
18671
3427
44286
12559
42801
4097
44751
42328
12919
9786
2960
43150
4345
24839
30333
32220
545
287
44404
2540
4600
31561
42324
18684
10027
9899
41804
20259
24672
25144
26985
6813
1168
32508
1457
4209
2451
1343
27338
43265
27732
4082
41803
33019
17769
6806
27508
30057
29743
9988
775
6023
2818
3942
18844
597
1327
33490
29274
6998
4258
3764
27920
27521
402
29583
43170
1214
27860
26982
7701
33192
23892
28725
28505
27966
30490
8602
42357
33425
2743
1198
763
26527
27434
7079
33096
1646
33118
8166
41655
12734
28999
25159
1078
6065
